unknown

0: FALSE -> 1, 3, 5
1: INV3(0, 0, 1, 0, 0, -1, 1, 1, 10, 1, 3, 1, 2, 2) -> 2, 5
2: INV2(0, 0, 1, 0, 0, -1, 1, 1, 8, 1, 3, 1, 2, 2) -> 4, 4
3: INV2(1, 0, 1, 1, 0, 0, 0, 1, 8, 1, 3, 1, 2, 2) -> 5, 5
4: INV1(0, 0, 1, 0, 0, -1, 1, 1, 6, 1, 3, 1, 2, 2, 0, 0, 1, 0, 0, -1, 1, 1, 15, 1, 3, 1, 2, 2) -> 6
5: INV1(1, 0, 1, 1, 0, 0, 0, 1, 6, 1, 3, 1, 2, 2, 1, 0, 1, 1, 0, 0, 0, 1, 15, 1, 3, 1, 2, 2) -> 7
6: INV1(0, -1, 1, 0, 0, -1, 1, 0, 0, 1, 3, 1, 2, 2, 0, -1, 1, 0, 0, -1, 1, 0, 0, 1, 3, 1, 2, 2)
7: INV1(0, -1, 1, 1, 0, 0, 0, 0, 0, 1, 3, 1, 2, 2, 0, -1, 1, 1, 0, 0, 0, 0, 0, 1, 3, 1, 2, 2)

Elapsed time: 6.441s

