
unknown

0: FALSE -> 1
1: INV1(1, 0, 2, 1, 1, 1, 0, 2, 1, 7, 2, 0, 0, 2, 1, 1, 1, 0, 2, 1, 8, 1, 2) -> 3, 2
2: INV1_INV1_INV1(1, 0, 2, 1, 1, 0, 0, 2, 1, 0, 2, 0, 0, 2, 1, 1, 0, 0, 2, 1, 0, 1, 2, 1, 0, 2, 1, 1, 0, 0, 2, 1, 0, 2, 2, 0, 2, 1, 1, 0, 0, 2, 1, 0, 1, 2, 2, 0, 2, 1, 1, 0, 0, 2, 1, 0, 2, 0, 0, 2, 1, 1, 0, 0, 2, 1, 0, 1, 2) -> 4, 5, 6
3: INV1(2, 0, 2, 1, 1, 0, 0, 2, 1, 0, 2, 2, 0, 2, 1, 1, 0, 0, 2, 1, 0, 1, 2)
4: INV1(1, 0, 2, 1, 1, 0, 0, 2, 1, 0, 2, 0, 0, 2, 1, 1, 0, 0, 2, 1, 0, 1, 2)
5: INV1(1, 0, 2, 1, 1, 0, 0, 2, 1, 0, 2, 2, 0, 2, 1, 1, 0, 0, 2, 1, 0, 1, 2)
6: INV1(2, 0, 2, 1, 1, 0, 0, 2, 1, 0, 2, 0, 0, 2, 1, 1, 0, 0, 2, 1, 0, 1, 2)

Elapsed time: 3.080s
