unknown

0: FALSE -> 3, 1
1: INV1_INV2_INV3(1, 0, 1, 0, 0, 0, 0, 1, 18, 1, 1, 1, 3, 1, 2, 2, 0, 0, 1, 0, 0, 0, 0, 1, 6, 1, 1, 1, 1, 2, 2, 3, 1, 0, 0, 0, 0, 0, 0, 0, 2, 1, 1, 1, 1, 2, 2, 3, 1, 0, 0, 0, 0, 0, 0, 0, 4, 1, 1, 1, 1, 2, 2, 3) -> 2, 7, 5
2: INV1(1, 0, 1, 0, 0, 0, 0, 1, 18, 1, 1, 1, 3, 1, 2, 2, 0, 0, 1, 0, 0, 0, 0, 1, 6, 1, 1, 1, 1, 2, 2, 3) -> 9
3: INV4(2, 0, 0, 0, 0, 0, 0, 0, 6, 1, 1, 1, 1, 2, 2, 3) -> 4, 7, 12
4: INV3(2, 0, 0, 0, 0, 0, 0, 0, 4, 1, 1, 1, 1, 2, 2, 3) -> 6, 12
5: INV3(1, 0, 0, 0, 0, 0, 0, 0, 4, 1, 1, 1, 1, 2, 2, 3) -> 7, 12
6: INV2(2, 0, 0, 0, 0, 0, 0, 0, 2, 1, 1, 1, 1, 2, 2, 3) -> 12, 8
7: INV2(1, 0, 0, 0, 0, 0, 0, 0, 2, 1, 1, 1, 1, 2, 2, 3) -> 10, 11
8: INV1(1, 0, 0, 0, 0, 0, 0, 0, 0, 1, 1, 1, 3, 1, 2, 2, 2, 0, 0, 0, 0, 0, 0, 0, 0, 1, 1, 1, 1, 2, 2, 3)
9: INV1(1, 0, 1, 0, 0, 0, 0, 0, 0, 1, 1, 1, 3, 1, 2, 2, 0, 0, 1, 0, 0, 0, 0, 0, 0, 1, 1, 1, 1, 2, 2, 3)
10: INV1(0, 0, 0, 0, 0, 0, 0, 0, 0, 1, 1, 1, 3, 1, 2, 2, 2, 0, 0, 0, 0, 0, 0, 0, 0, 1, 1, 1, 1, 2, 2, 3)
11: INV1(0, 0, 0, 0, 0, 0, 0, 0, 0, 1, 1, 1, 3, 1, 2, 2, 1, 0, 0, 0, 0, 0, 0, 0, 0, 1, 1, 1, 1, 2, 2, 3)
12: INV1(1, 0, 0, 0, 0, 0, 0, 0, 0, 1, 1, 1, 3, 1, 2, 2, 0, 0, 0, 0, 0, 0, 0, 0, 0, 1, 1, 1, 1, 2, 2, 3)

Elapsed time: 10.154s
