unknown

0: FALSE -> 2, 1
1: INV1_INV2_INV3(1, 0, 0, 0, 0, 0, 0, 0, 0, 1, 1, 1, 3, 1, 2, 2, 2, 0, 0, 0, 0, 0, 0, 0, 0, 0, 1, 1, 1, 1, 2, 2, 3, 2, 1, 0, 0, 0, 0, 0, 0, 0, 2, 1, 1, 1, 1, 2, 2, 3, 2, 1, 0, 0, 0, 0, 0, 0, 0, 4, 1, 1, 1, 1, 2, 2, 3, 2) -> 10, 6, 4
2: INV4(2, 0, 0, 0, 0, 0, 0, 0, 6, 1, 1, 1, 1, 2, 2, 3, 2) -> 3, 6, 10
3: INV3(2, 0, 0, 0, 0, 0, 0, 0, 4, 1, 1, 1, 1, 2, 2, 3, 2) -> 5, 10
4: INV3(1, 0, 0, 0, 0, 0, 0, 0, 4, 1, 1, 1, 1, 2, 2, 3, 2) -> 6, 10
5: INV2(2, 0, 0, 0, 0, 0, 0, 0, 2, 1, 1, 1, 1, 2, 2, 3, 2) -> 10, 7
6: INV2(1, 0, 0, 0, 0, 0, 0, 0, 2, 1, 1, 1, 1, 2, 2, 3, 2) -> 8, 9
7: INV1(1, 0, 0, 0, 0, 0, 0, 0, 0, 1, 1, 1, 3, 1, 2, 2, 2, 2, 0, 0, 0, 0, 0, 0, 0, 0, 1, 1, 1, 1, 2, 2, 3, 2)
8: INV1(0, 0, 0, 0, 0, 0, 0, 0, 0, 1, 1, 1, 3, 1, 2, 2, 2, 2, 0, 0, 0, 0, 0, 0, 0, 0, 1, 1, 1, 1, 2, 2, 3, 2)
9: INV1(0, 0, 0, 0, 0, 0, 0, 0, 0, 1, 1, 1, 3, 1, 2, 2, 2, 1, 0, 0, 0, 0, 0, 0, 0, 0, 1, 1, 1, 1, 2, 2, 3, 2)
10: INV1(1, 0, 0, 0, 0, 0, 0, 0, 0, 1, 1, 1, 3, 1, 2, 2, 2, 0, 0, 0, 0, 0, 0, 0, 0, 0, 1, 1, 1, 1, 2, 2, 3, 2)






Elapsed time: 11.100s
