Elapsed Time: 10.939 seconds
unsat

0: FALSE -> 1
1: INV1(0, 11, 33, 1, 2, 0, 11, 30, 1, 2) -> 2
2: INV1(0, 10, 30, 1, 2, 0, 11, 30, 1, 2) -> 3
3: INV1(0, 9, 27, 1, 2, 0, 10, 27, 1, 2) -> 4
4: INV1(0, 8, 24, 1, 2, 0, 9, 24, 1, 2) -> 5
5: INV1(0, 7, 21, 1, 2, 0, 8, 21, 1, 2) -> 6
6: INV1(0, 6, 18, 1, 2, 0, 7, 18, 1, 2) -> 7
7: INV1(0, 5, 15, 1, 2, 0, 6, 15, 1, 2) -> 8
8: INV1(0, 4, 12, 1, 2, 0, 5, 12, 1, 2) -> 9
9: INV1(0, 3, 9, 1, 2, 0, 4, 9, 1, 2) -> 10
10: INV1(0, 2, 6, 1, 2, 0, 3, 6, 1, 2) -> 11
11: INV1(0, 1, 3, 1, 2, 0, 2, 3, 1, 2) -> 12
12: INV1(0, 0, 0, 1, 2, 0, 1, 0, 1, 2)

Verdict: A DIFFERENCE between the two programs has been detected!
