
unknown

0: FALSE -> 1
1: INV1(1, 0, 2, 1, 1, 1, 18, 0, 2, 2, 2, 1, 2, 0, 0, 1, 0, 1, 0, 0, 0, 2, 2, 1, 1, 2) -> 2, 10, 11
2: INV4(1, 0, 2, 1, 1, 0, 15, 0, 2, 2, 2, 1) -> 11, 3
3: INV4_INV4_INV4(1, 0, 2, 1, 0, 0, 2, 0, 2, 2, 2, 1, 2, 0, 2, 1, 0, 0, 2, 0, 2, 2, 2, 1, 2, 0, 2, 1, 0, 0, 2, 0, 2, 2, 2, 1) -> 4, 5, 5
4: INV4(1, 0, 2, 1, 0, 0, 2, 0, 2, 2, 2, 1) -> 6, 7
5: INV4(2, 0, 2, 1, 0, 0, 2, 0, 2, 2, 2, 1) -> 8, 9
6: INV1(0, 0, 2, 1, 0, 0, 0, 0, 2, 2, 2, 1, 2, 0, 2, 1, 0, 1, 0, 0, 0, 2, 2, 1, 1, 2)
7: INV1(1, 0, 2, 1, 0, 0, 0, 0, 2, 2, 2, 1, 2, 0, 2, 1, 0, 1, 0, 0, 0, 2, 2, 1, 1, 2)
8: INV1(0, 0, 2, 1, 0, 0, 0, 0, 2, 2, 2, 1, 1, 0, 2, 1, 0, 1, 0, 0, 0, 2, 2, 1, 1, 2)
9: INV1(2, 0, 2, 1, 0, 0, 0, 0, 2, 2, 2, 1, 1, 0, 2, 1, 0, 1, 0, 0, 0, 2, 2, 1, 1, 2)
10: INV1(1, 0, 0, 1, 0, 0, 0, 0, 2, 2, 2, 1, 0, 0, 0, 1, 0, 1, 0, 0, 0, 2, 2, 1, 1, 2)
11: INV1(1, 0, 0, 1, 0, 0, 0, 0, 2, 2, 2, 1, 2, 0, 0, 1, 0, 1, 0, 0, 0, 2, 2, 1, 1, 2)

Elapsed time:9.537s




