unknown

0: FALSE -> 1
1: INV1(2, 0, 1, 0, 0, 0, 0, 1, 0, 5, 2, 2, 1, 5, 1, 1, 0, 1, 0, 0, 0, 0, 0, 0, 0, 2, 2, 1, 5, 1) -> 2, 5, 6
2: INV4(2, 0, 1, 0, 0, 0, 0, 0, 0, 2, 2, 2, 1, 5, 1) -> 3, 4
3: INV1(1, 0, 1, 0, 0, 0, 0, 0, 0, 0, 2, 2, 1, 5, 1, 0, 0, 1, 0, 0, 0, 0, 0, 0, 0, 2, 2, 1, 5, 1)
4: INV1(2, 0, 1, 0, 0, 0, 0, 0, 0, 0, 2, 2, 1, 5, 1, 0, 0, 1, 0, 0, 0, 0, 0, 0, 0, 2, 2, 1, 5, 1)
5: INV1(0, 0, 1, 0, 0, 0, 0, 0, 0, 0, 2, 2, 1, 5, 1, 2, 0, 1, 0, 0, 0, 0, 0, 0, 0, 2, 2, 1, 5, 1)
6: INV1(0, 0, 1, 0, 0, 0, 0, 0, 0, 0, 2, 2, 1, 5, 1, 1, 0, 1, 0, 0, 0, 0, 0, 0, 0, 2, 2, 1, 5, 1)

